34900969
36682517
37266702
6858528
55021109
72273388
54189599
82244546
95348787
43875955
26057140
27899257
33493934
36089440
15987051
33477502
86539112
16239561
43103368
76562479
74254181
62962291
20571134
17192463
76250041
70474720
63748942
51975728
91315782
10781037
9269823
78733083
99979884
99052855
38107942
55000994
71326244
92297541
89761871
66675032
88689828
15819012
94574289
22183763
4424783
63077672
55661265
90963895
79317233
51280964
67526375
6087746
14243256
40613841
75796539
90493298
11088562
39545483
94985357
54920675
50326520
56771511
33653759
2822736
55824367
71761701
10340061
27150613
64059244
101933
46341976
52749073
68437275
93432597
74932836
72862058
56510270
83110432
63825954
35827504
34391398
83868661
94431580
1150985
24482503
70228120
91644283
88087395
9773604
39145972
43008071
12616455
95917483
29178162
15439191
51741852
939864
78295582
31408796
64999108
78397515
77750772
70264512
46834791
71183370
97713679
19696850
27693641
33340444
36039136
16037476
20248173
72424128
10469057
21399158
49422962
33213509
65559773
90026688
42987113
4705746
85551090
8119900
53139561
14729253
76075421
4881414
15669118
54371005
36290210
33184557
32768521
66557313
55965401
32119644
37740685
53679081
4332825
65434326
39535856
92888291
33988134
59784029
65312420
96973521
33699519
67251713
30187031
99259292
57278402
73174145
56481369
42829494
33810376
9620931
10075078
9885798
67018675
25744196
64256803
3308886
11445085
49541656
69866200
19926817
81661300
60123216
73605898
38510456
78073873
65658086
31398749
12062008
25442116
49227500
9035531
11657966
16479215
39222562
10917259
26273948
64913038
67398629
21619773
51239745
29535891
31694852
61125544
96554567
9955379
25382348
52379784
73916794
27440335
74762315
93843611
61617966
34885532
19965842
128424
12959407
85623928
31527173
77537745
63582375
80754673
39089607
75240342
49750219
30828501
38673932
28540499
48257870
6072562
50160272
99497616
88124784
81855124
60623161
84679352
44326835
38521840
37059137
18243630
65962176
64337784
64603573
80096473
99223316
84569415
80224897
64699054
70193344
64268401
94753131
86292050
45023076
33842739
61532393
47289626
64671240
52722657
75830125
12929112
11311550
78506729
12426729
99436334
12878185
25566221
84115687
57205020
16604392
73691156
27964982
35082899
38028941
92568555
15179374
89768588
77137971
95404271
6983975
99847646
59672674
1737107
38656028
57212081
35579846
52704753
57018038
52767418
5427411
32848165
18212861
16738961
11354895
30639590
16175297
24233080
8722142
52807315
33954432
25326534
26498472
61919414
60409434
17043744
7004301
75588808
59328664
84142272
70993080
66312639
36506250
83182085
20566077
27678609
40394167
8662254
80383362
97412206
61429672
85810773
82776702
32158864
2549736
46647928
62798454
18725033
23397339
24036927
24048679
57351771
49363462
3063483
19271186
62289227
72623557
26275487
37878036
31952222
62934090
61387447
50781192
51956671
44569534
23863600
79635281
37480032
32525855
60018644
87408569
46471858
98345749
22701603
78630723
895486
69349531
93945508
72136849
92746871
17982437
96185528
2614974
19862230
51765342
21886161
82151457
24388901
677979
72545824
8857454
16128401
33933272
59638647
20601403
31019137
83502247
236685
21015501
68544433
12771661
60940401
67532623
11117411
83642005
46163347
64529227
5507868
92625186
89182407
50771070
63123954
85367936
53386045
35502515
89649610
27788537
17653973
14038512
80982846
42716128
22895966
97111247
76649401
35050944
17712652
60184869
18553193
70465667
33716701
39613957
35753659
94657103
7146581
46871070
30815440
5826259
63916628
88839638
50967777
53099036
39610710
14091732
90983304
45513086
49594248
80632915
73301623
19764552
94671427
54284470
62480681
70083724
3912050
91646413
5134670
74141032
51831283
76204193
44606700
38064316
15818151
80360360
85237750
75481063
79747761
16053191
81307322
43664391
57409160
32275100
96763427
49536201
98883163
87746732
95049287
993743
68379648
20867242
20758295
15567407
27668044
83238976
85651132
31580094
74885390
90785802
5721127
79233005
66989996
2844158
17297322
35324478
35720849
2535073
10805542
15468612
71104594
44629196
59133003
81030085
29420627
8412762
30566288
28303791
96159495
78131906
81813864
17055475
51515480
2572161
32622883
79183524
38327468
18274016
63279949
65729190
61576149
21517407
97478526
28566146
24361565
14775849
16406955
60082415
69827252
27212498
28067358
93448177
24358025
39716692
26994594
53778652
48129454
57560882
34598775
96805280
88209120
16412640
13860757
39724601
71501131
98999970
71424456
9828601
17273987
34704406
75557791
31366467
8738144
73036318
12448944
33099709
40328498
28855899
45698455
62672081
56068397
26282144
8636590
80426422
65998836
35631184
86721406
66644622
45708398
21320182
63449903
86433849
90249152
77310660
26158451
61750285
76310631
50099238
71578886
46100949
37319975
99653008
29983747
46058119
25205658
42432691
31674159
18050487
71288591
29888946
80722568
27356989
56171090
41875489
60299743
74686258
77506673
47021150
41330881
75731402
20857663
4780785
62165252
11106816
34607777
40840034
72857101
63434739
90939272
96952318
9535690
80775578
49121658
39519437
26833698
74327316
34468460
58507858
92377803
5757052
40913135
25616703
33114041
97084225
67492192
93413784
71770484
97515197
92951265
65617696
73246600
13808929
70398482
87928184
24915746
5006260
28768219
50289178
20957330
72223823
99757828
83009350
5515733
1395818
75045119
32349432
75723135
9513580
43373621
20617270
15270632
84286756
46233974
48384673
33887313
66242497
94314789
58174129
63757695
39782386
23791826
89520627
53591316
46706639
77448812
31023393
4229230
58733362
33828902
25186561
83473516
86103061
8195912
88989250
87498880
83241031
73855013
15738347
92754611
69744965
36355617
8025244
54031722
35105922
8926249
40435366
1348421
55757369
98609495
65106116
95539755
74917653
7143075
1647403
21624293
37108218
85187126
25853524
48357912
19016030
3556416
84347759
5119092
11752328
25853341
45134303
47509691
99708354
60872650
92780633
21969651
97228268
53322209
76001373
32334191
14764789
68953071
33682612
70522158
20078898
51305060
18578245
94996551
10964466
20225649
69137176
48072685
57929106
47507031
96430597
76945136
51063447
80778357
34580560
15332106
59148030
32231194
62841797
58856385
93103845
55622432
80826037
42848445
61460972
9343742
75182636
76225761
30813144
61381580
46747920
50892043
65202971
17842496
98404925
76167437
90584475
67542102
24240123
48513583
15049134
73187051
77975050
18628912
6481741
12555611
33961019
65629771
44786806
49319147
77002487
90406982
57457910
10344856
33255428
18918883
72204929
60954395
95144644
3018074
22335976
94408895
6426448
40055278
12251393
4831375
16222717
55352199
24889808
92979170
3865783
39938943
18682554
81840834
11084186
77680625
46912776
45045205
43310397
44215913
94364353
72829215
87139226
51822264
35690403
20394655
23257479
7895333
81349051
18402124
63429737
56201358
65327351
22372517
96256637
30095075
27203892
12479355
85447274
4610031
57974856
89313058
44548974
76657410
23670224
55633161
54338036
23099331
53194697
50164764
67315245
75382
75510311
54454472
51897647
11200715
27365459
27671457
71612378
8714511
46073581
87558446
17432200
63917263
9930964
13688838
94012338
89651186
26168193
79459614
94261218
36659381
21289004
91326523
13316792
44959228
99476015
20171160
68058559
52670714
70335924
87890135
52746096
45846236
94860939
57160074
9563282
22226399
84831531
81175660
83457240
83421444
21250439
889441
47338708
31181403
14578280
41351048
73348921
93262803
20810663
67610140
29922185
42099667
11452995
95755308
39575226
10929012
15926469
60150116
63599726
38778724
48040253
68862153
37141292
95417523
26022229
46704574
70160253
63370091
80396566
6133825
46791536
1647006
59539596
94130245
32828409
26634207
35481294
58693661
19897012
8808288
78820132
2335528
3424286
90273128
50607167
42999512
1202141
19049967
55665959
17318198
57828692
3706213
38696682
94969984
51640067
64718911
41674559
21800321
28089004
22071126
80450476
27396871
76234462
39990074
74043447
61579203
66624281
62041072
20272865
39037624
70849360
99092998
41373153
26789977
89366127
44496651
69789489
43084599
63546619
25455450
12919128
73891642
81677993
51615810
68861627
85834392
16334723
63052517
60151044
96940057
37639975
40601522
76853259
13874438
80591596
50896708
27969972
47215878
12937781
48242838
86253503
36303473
47335837
80142987
63093450
89218295
77155969
85399271
32302895
40702589
63371052
45222023
67110562
45049046
96837833
35972190
83399769
65688887
51541039
43550815
15145276
41697345
84152337
91998536
8088114
17260265
95411575
36058087
64476143
8349357
84300925
3245978
44652830
84153093
35905296
7746282
73371389
13061267
45661884
58190615
6280187
9032937
55928969
73390750
54081983
52766803
61879271
89998084
70972022
65936641
33548900
38633629
7633987
70217568
83148496
68238432
87477833
78560072
56812850
4470308
39425761
93630106
60232617
36594922
77783200
96137913
44341204
3670921
61715511
90003088
